Demands: 45
Index, Origin, Destination, Volume
0, 0, 1, 100
1, 0, 2, 100
2, 0, 3, 80
3, 0, 4, 70
4, 0, 5, 100
5, 0, 6, 100
6, 0, 7, 70
7, 0, 8, 70
8, 0, 9, 100
9, 1, 2, 90
10, 1, 3, 100
11, 1, 4, 100
12, 1, 5, 70
13, 1, 6, 100
14, 1, 7, 70
15, 1, 8, 100
16, 1, 9, 70
17, 2, 3, 90
18, 2, 4, 100
19, 2, 5, 70
20, 2, 6, 90
21, 2, 7, 100
22, 2, 8, 90
23, 2, 9, 90
24, 3, 4, 100
25, 3, 5, 90
26, 3, 6, 100
27, 3, 7, 90
28, 3, 8, 100
29, 3, 9, 80
30, 4, 5, 70
31, 4, 6, 80
32, 4, 7, 90
33, 4, 8, 80
34, 4, 9, 70
35, 5, 6, 70
36, 5, 7, 100
37, 5, 8, 100
38, 5, 9, 80
39, 6, 7, 100
40, 6, 8, 100
41, 6, 9, 90
42, 7, 8, 100
43, 7, 9, 80
44, 8, 9, 90

Stations: 10
Index, Block_Capacity, Vagon_Capacity
0, 8, 0
1, 7, 630
2, 6, 1120
3, 5, 1470
4, 4, 1680
5, 3, 1750
6, 3, 1680
7, 2, 1470
8, 1, 1120
9, 0, 1000

Blocks: 45
Index, Origin, Destination, Cost
0, 0, 1, 1
1, 0, 2, 1
2, 0, 3, 1
3, 0, 4, 1
4, 0, 5, 1
5, 0, 6, 1
6, 0, 7, 1
7, 0, 8, 1
8, 0, 9, 1
9, 1, 2, 1
10, 1, 3, 1
11, 1, 4, 1
12, 1, 5, 1
13, 1, 6, 1
14, 1, 7, 1
15, 1, 8, 1
16, 1, 9, 1
17, 2, 3, 1
18, 2, 4, 1
19, 2, 5, 1
20, 2, 6, 1
21, 2, 7, 1
22, 2, 8, 1
23, 2, 9, 1
24, 3, 4, 1
25, 3, 5, 1
26, 3, 6, 1
27, 3, 7, 1
28, 3, 8, 1
29, 3, 9, 1
30, 4, 5, 1
31, 4, 6, 1
32, 4, 7, 1
33, 4, 8, 1
34, 4, 9, 1
35, 5, 6, 1
36, 5, 7, 1
37, 5, 8, 1
38, 5, 9, 1
39, 6, 7, 1
40, 6, 8, 1
41, 6, 9, 1
42, 7, 8, 1
43, 7, 9, 1
44, 8, 9, 1